404
411
393
398
386
381
383
627
389
380
404
406
395
386
357
364
374
490
514
503
462
366
362
368
384
386
383
393
392
391
387
349
371
386
383
376
382
390
368
346
385
356
391
365
332
340
348
345
351
336
357
345
350
338
355
347
326
356
385
365
374
342
349
342
346
340
346
341
328
351
341
346
356
358
355
393
359
344
362
384
378
360
383
382
373
367
373
367
359
391
386
371
369
373
370
390
375
355
370
394
399
380
377
355
345
328
339
356
351
343
356
356
371
349
352
332
326
349
335
339
350
354
422
498
518
592
457
346
338
336
335
327
346
356
365
366
379
358
360
369
391
397
400
351
357
335
340
336
348
